利物浦 37 31 3 3
曼城 37 25 3 9
曼联 37 17 12 8
切尔西 37 19 6 12
莱斯特城 37 18 8 11
狼队 37 15 14 8
热刺 37 16 10 11
谢菲尔德联 37 14 12 11
伯恩利 37 15 9 13
阿森纳 37 13 14 10
埃弗顿 37 13 10 14
南安普顿 37 14 7 16
纽卡斯尔 37 11 11 15
水晶宫 37 11 9 17
西汉姆 37 10 8 19
布莱顿 37 8 14 15
阿斯顿维拉 37 9 7 21
沃特福德 37 8 10 19
伯恩茅斯 37 8 7 22
诺维奇 37 5 6 26
利物浦 38 32 3 3
曼城 38 26 3 9
曼联 38 18 12 8
切尔西 38 20 6 12
莱斯特城 38 18 8 12
热刺 38 16 11 11
狼队 38 15 14 9
阿森纳 38 14 14 10
谢菲尔德联 38 14 12 12
伯恩利 38 15 9 14
南安普顿 38 15 7 16
埃弗顿 38 13 10 15
纽卡斯尔 38 11 11 16
水晶宫 38 11 10 17
布莱顿 38 9 14 15
西汉姆 38 10 9 19
阿斯顿维拉 38 9 8 21
伯恩茅斯 38 9 7 22
沃特福德 38 8 10 20
诺维奇 38 5 6 27
